AO-07
1 07530U 74089B   20114.50739635 -.00000052  00000-0 -45508-4 0  9994
2 07530 101.7952 084.5662 0012554 108.9814 004.3728 12.53643088079102
UO-11
1 14781U 84021B   20114.50788859  .00000074  00000-0  15140-4 0  9990
2 14781 097.5933 129.2071 0009182 031.3048 328.8712 14.83159359923687
LO-19
1 20442U 90005G   20114.83866202  .00000000  00000-0  16615-4 0  9992
2 20442  98.6877  61.9168 0011043 320.5043  39.5335 14.32950536580791
HUBBLE
1 20580U 90037B   20114.82461806  .00000494  00000-0  19073-4 0  9998
2 20580  28.4703 320.9823 0002610 220.9921 305.6420 15.09374920447793
MET-2/21
1 22782U 93055A   20114.57312397  .00000008  00000-0 -61255-5 0  9991
2 22782 082.5462 277.1321 0022989 032.0479 036.0883 13.83824986345459
AO-27
1 22825U 93061C   20114.51984453 -.00000015  00000-0  12194-4 0  9993
2 22825  98.9241 115.5883 0008551 169.8285 190.3071 14.30083029386236
IO-26
1 22826U 93061D   20114.51913568 -.00000008  00000-0  14857-4 0  9993
2 22826  98.9182 115.5411 0009295 158.8255 201.3313 14.30418256386448
FO-29
1 24278U 96046B   20114.59776966 -.00000055  00000-0 -21456-4 0  9995
2 24278 098.5759 231.6351 0350879 156.7627 204.9821 13.53097655169461
NOAA-15
1 25338U 98030A   20114.56310911  .00000033  00000-0  32514-4 0  9990
2 25338 098.7221 139.8796 0011445 065.9178 294.3198 14.25960141141157
GO-32
1 25397U 98043D   20114.55659160 -.00000014  00000-0  13198-4 0  9997
2 25397 098.7245 056.4840 0000986 160.9478 199.1737 14.23683276131743
ISS
1 25544U 98067A   20118.19484432  .00016717  00000-0  10270-3 0  9048
2 25544  51.6440 240.8544 0001314 210.2721 149.8353 15.49317595 24102
NO-44
1 26931U 01043C   20114.56744075 -.00000051  00000-0  12289-4 0  9998
2 26931 067.0503 284.0331 0005801 266.7550 093.2888 14.30574525969222
SO-50
1 27607U 02058C   20114.54117045  .00000025  00000-0  24244-4 0  9999
2 27607 064.5550 182.2590 0054911 191.8041 168.1779 14.75627775932622
CO-55
1 27844U 03031E   20114.55811472  .00000044  00000-0  39434-4 0  9998
2 27844 098.6837 123.1182 0009241 208.2071 151.8607 14.22233043872292
CO-57
1 27848U 03031J   20114.49845252  .00000029  00000-0  32860-4 0  9997
2 27848 098.6905 123.6112 0008934 221.4114 138.6387 14.21820406872138
RS-22
1 27939U 03042A   20114.81539422  .00000059  00000-0  19120-4 0  9992
2 27939  98.0800 250.3874 0013534 161.1528 199.0179 14.66852927886004
NOAA-18
1 28654U 05018A   20114.47835563  .00000066  00000-0  60338-4 0  9994
2 28654 099.0493 170.3786 0014589 030.4222 329.7793 14.12504892769157
CO-58
1 28895U 05043F   20114.38609908  .00000114  00000-0  30674-4 0  9995
2 28895  98.0004 252.3112 0018213  94.6807 265.6476 14.63759298772781
Falconsat-3
1 30776U 07006E   20114.56134271  .00003519  00000-0  94400-4 0  9992
2 30776 035.4343 271.1511 0002081 020.8588 339.2223 15.37582735728385
CO-65
1 32785U 08021C   20114.47624087  .00000215  00000-0  28785-4 0  9994
2 32785  97.5710 104.9194 0011995 321.4344  38.6016 14.88452019649768
AAUSAT2
1 32788U 08021F   20114.50345620  .00000878  00000-0  85215-4 0  9990
2 32788 097.4928 121.4444 0010242 235.4022 124.6234 14.95016690651102
DO-64
1 32789U 08021G   20114.58017538  .00001111  00000-0  76831-4 0  9998
2 32789 097.4241 159.2877 0013358 138.6142 221.6101 15.07616796653546
CO-66
1 32791U 08021J   20114.50487341  .00000212  00000-0  26737-4 0  9997
2 32791  97.5401 111.0869 0011706 288.2828  71.7117 14.91020858650271
RS-30
1 32953U 08025A   20114.74856296  .00000037  00000-0  19437-3 0  9999
2 32953  82.5009 311.9357 0019216 170.9215 189.2216 12.43095147540836
PRISM
1 33493U 09002B   20114.57818991  .00001219  00000-0  11141-3 0  9993
2 33493 098.1416 052.6077 0013510 233.4304 126.5673 14.96991526611492
NOAA-19
1 33591U 09005A   20114.54917532  .00000009  00000-0  30261-4 0  9994
2 33591 099.1969 118.4664 0013230 226.9895 133.0168 14.12404140577389
TISAT-1
1 36799U 10035E   20114.41943148  .00000494  00000-0  55663-4 0  9991
2 36799 098.1897 282.5929 0013072 145.5896 214.6170 14.91324764530725
JUGNU
1 37839U 11058B   20114.54000137  .00000322  00000-0  29757-4 0  9994
2 37839  19.9608 255.7841 0018885 142.6515 274.7304 14.12677860441122
SRMSAT
1 37841U 11058D   20114.27579854  .00000314  00000-0  27473-4 0  9998
2 37841 019.9731 320.5716 0011806 357.8657 158.9733 14.10656276440367
AO-71
1 37854U 11061E   20114.46556025  .00001079  00000-0  62085-4 0  9999
2 37854 101.7016 177.3576 0158641 225.2348 133.5868 15.07148162463194
HRBE
1 37855U 11061F   20114.44188931  .00001131  00000-0  63691-4 0  9998
2 37855 101.7156 174.5040 0171238 238.1399 120.3050 15.06168087463397
ALMASAT-1
1 38078U 12006B   20114.24750933  .01726645  46175-5  41316-3 0  9993
2 38078  69.4001  79.3451 0018840 152.0070 337.0324 16.28722871446351
HORYU-2
1 38340U 12025D   20114.42907713  .00000175  00000-0  33431-4 0  9990
2 38340  98.2863 166.6127 0010835 210.5692 149.4886 14.75836249426840
RS-40
1 38735U 12041C   20114.45706031 -.00000006  00000-0 -11091-3 0  9991
2 38735  82.4808  34.9518 0015961 284.1306  75.7994 12.42579234351025
BEESAT-3
1 39135U 13015F   20114.49978172  .00000796  00000-0  48073-4 0  9994
2 39135 064.8649 118.8856 0040592 256.8861 102.7733 15.18082367386879
BEESAT-2
1 39136U 13015G   20114.72296401  .00001027  00000-0  60564-4 0  9996
2 39136  64.8656 122.9498 0029076 281.3081  78.4778 15.17462157387201
ZACUBE-1
1 39417U 13066B   20114.58108359  .00000223  00000-0  34149-4 0  9999
2 39417 097.5650 115.6589 0060461 097.6404 263.1682 14.81253816346910
TRITON-1
1 39427U 13066M   20114.47177296  .00000168  00000-0  35037-4 0  9999
2 39427  97.7208  78.4726 0112171 253.8013 105.0826 14.67982494343780
GOMX-1
1 39430U 13066Q   20114.81787731  .00000217  00000-0  48277-4 0  9997
2 39430  97.7860  56.6582 0151291 357.3028   2.7354 14.59380260341835
LO-74
1 39440U 13066AA  20114.51047942  .00000197  00000-0  34202-4 0  9998
2 39440  97.6281 100.0600 0080662 157.6010 202.8755 14.75991060345670
AO-73
1 39444U 13066AE  20114.54280667  .00000274  00000-0  39746-4 0  9992
2 39444 097.5597 117.8216 0059608 090.4628 270.3416 14.82101562345231
SPROUT
1 39770U 14029E   20114.73618684  .00000815  00000-0  95464-4 0  9999
2 39770  97.8902 221.2667 0009743 141.2407 218.9533 14.87702097320923
DUCHIFAT-1
1 40021U 14033M   20114.37931841  .00000315  00000-0  37832-4 0  9998
2 40021  97.9406  45.2871 0014267 106.6253 253.6532 14.90869567317680
NANOSATCBR1
1 40024U 14033Q   20114.57304929  .00000277  00000-0  34608-4 0  9999
2 40024 097.9262 042.0375 0013547 109.9931 250.2746 14.90044164317066
DTUSAT-2
1 40030U 14033W   20114.50452598  .00000245  00000-0  32219-4 0  9996
2 40030 097.9032 036.4103 0013220 112.9273 247.3340 14.88691550316830
EO-80
1 40032U 14033Y   20114.52151373  .00000284  00000-0  36452-4 0  9993
2 40032 097.9038 036.4292 0013146 113.6508 246.6089 14.88639319316818
ANTELSAT
1 40034U 14033AA  20114.56071396  .00000224  00000-0  40377-4 0  9990
2 40034 097.7216 332.8658 0058652 174.6608 185.5240 14.74236776313793
VELOX-1
1 40057U 14034E   20114.86197921  .00000263  00000-0  44262-4 0  9992
2 40057  98.2694 250.3566 0009947 325.8564  34.2003 14.77844736313577
DAURIA DX 1
1 40071U 14037C   20114.80455122  .00000112  00000-0  21875-4 0  9993
2 40071  98.4570 290.1904 0007548 319.2548  40.8099 14.81353625313160
HODOYOSHI-1
1 40299U 14070B   20114.83391329  .00000682  00000-0  30973-4 0  9994
2 40299  97.3244 192.8342 0013901  35.3643  73.6051 15.24016002303494
CHUBUSAT-1
1 40300U 14070C   20114.80344052  .00000674  00000-0  31941-4 0  9992
2 40300  97.2915 185.5886 0021152  48.3028  90.8729 15.22452793303190
QSAT-EOS
1 40301U 14070D   20114.80776920  .00001904  00000-0  74393-4 0  9991
2 40301  97.2955 190.4954 0025857  25.8661 112.0351 15.26807068303590
FIREBIRD FU3
1 40377U 15003B   20114.55811677  .00002682  00000-0  10567-3 0  9998
2 40377 099.1000 163.5235 0125167 137.0938 224.0140 15.19868194288968
FIREBIRD FU4
1 40378U 15003C   20114.74043071  .00002622  00000-0  10327-3 0  9993
2 40378  99.1000 163.8382 0125358 136.3679 224.7547 15.19884222289005
GRIFEX
1 40379U 15003D   20114.77674800  .00001479  00000-0  65493-4 0  9991
2 40379  99.1082 156.1126 0133712 160.0691 200.5832 15.16266191288563
NO-84
1 40654U 15025D   20113.52840277  .00011130  00000-0  13387-3 0 09120
2 40654 054.9871 198.3128 0122040 044.1557 316.9181 15.52948808160334
DEORBITSAIL
1 40719U 15032E   20114.55875941  .00000407  00000-0  64807-4 0  9994
2 40719 097.8765 004.5359 0017302 029.7410 330.4781 14.76965339257998
NUDT-PHONESAT
1 40900U 15049B   20114.77632131  .00002261  00000-0  96403-4 0  9997
2 40900  97.4334 126.2073 0012893 167.9044   5.0892 15.23908510254863
XW-2A
1 40903U 15049E   20114.83047595  .00002555  00000-0  59942-4 0  9994
2 40903  97.2940 163.7314 0014984  99.6344 318.7686 15.42904671258053
XW-2C
1 40906U 15049H   20114.86518729  .00000763  00000-0  43103-4 0  9993
2 40906  97.4766 117.0219 0014002 197.4758 280.1777 15.16017525253981
XW-2D
1 40907U 15049J   20114.80247775  .00000881  00000-0  48941-4 0  9994
2 40907  97.4747 116.6584 0013384 194.3121 290.2622 15.16243267253999
LILACSAT-2
1 40908U 15049K   20114.79152983  .00000465  00000-0  29179-4 0  9999
2 40908  97.4905 115.0756 0014970 205.3496 278.8016 15.14009516253725
XW-2E
1 40909U 15049L   20114.85208426  .00000998  00000-0  51848-4 0  9990
2 40909  97.4631 120.0957 0013192 185.4763 296.7171 15.18336854254242
XW-2F
1 40910U 15049M   20114.85055764  .00000936  00000-0  49511-4 0  9993
2 40910  97.4683 119.1970 0014316 184.5450 295.5598 15.17846499254056
XW-2B
1 40911U 15049N   20114.84870581  .00000557  00000-0  32299-4 0  9999
2 40911  97.4760 117.3966 0013268 195.1811 283.6981 15.16167572253894
DCBB
1 40912U 15049P   20114.86464417  .00001190  00000-0  57931-4 0  9993
2 40912  97.4493 123.3020 0015005 163.2158 316.3379 15.20227491254424
TW-1C
1 40926U 15051B   20114.83325632  .00025309  00000-0  27037-3 0  9994
2 40926  97.0907 166.3074 0004323 297.0470 176.0957 15.63889053258483
TW-1A
1 40928U 15051D   20114.91399620  .00003557  00000-0  84266-4 0  9992
2 40928  97.1144 144.0677 0011665  34.2300  85.4666 15.42346192256961
IO-86
1 40931U 15052B   20111.12793759  .00000770  00000-0  18251-4 0  9993
2 40931   5.9962  31.2791 0012547 172.8370 187.2402 14.76633136246624
LQSat
1 40958U 15057A   20114.23528224  .00000018  00000-0  10437-4 0  9998
2 40958  97.8573 179.3933 0017331 331.5313  28.4947 14.73115800244370
ATHENOXAT-1
1 41168U 15077C   20114.63206775  .00002059  00000-0  72379-4 0  9992
2 41168  14.9879 103.6157 0011406  85.5118 274.6506 15.14279527241025
ChubuSat-2
1 41338U 16012B   20114.01435266  .00000346  00000-0  20126-4 0  9992
2 41338 031.0045 338.8147 0013915 286.9641 072.9469 15.00276612229407
ChubuSat-3
1 41339U 16012C   20114.87992624  .00000314  00000-0  17568-4 0  9994
2 41339  31.0134 331.0149 0013801 304.3321  55.6014 15.00443178229539
Horyu-4
1 41340U 16012D   20114.25531226  .00000481  00000-0  29633-4 0  9996
2 41340  31.0060 323.3003 0014046 320.1441  39.8163 15.01470188229578
OUFTI-1
1 41458U 16025C   20114.56429359  .00001628  00000-0  84669-4 0  9991
2 41458 098.0991 222.2594 0164567 035.0232 326.1685 15.06736566219211
e-st@r-II
1 41459U 16025D   20114.79346576  .00000977  00000-0  52969-4 0  9990
2 41459  98.0974 221.9595 0166224  36.1200 325.1124 15.06305675219219
AAUSAT4
1 41460U 16025E   20114.81396985  .00002255  00000-0  11334-3 0  9995
2 41460  98.0964 224.1185 0154864  25.5370 335.3403 15.08561309219401
LO-87
1 41557U 16033B   20114.76162258  .00001267  00000-0  49208-4 0  9993
2 41557  97.4020 205.3498 0011888 282.9469  77.0442 15.27903961217426
NuSat2
1 41558U 16033C   20114.79772467  .00001432  00000-0  52100-4 0  9995
2 41558  97.4069 207.4862 0010915 280.3122  79.6887 15.29875218217534
Lapan A3
1 41603U 16040E   20114.89404773  .00000085  00000-0  70773-5 0  9997
2 41603  97.3147 170.1289 0014629  38.7689  65.2095 15.19822245212852
Swayam
1 41607U 16040J   20114.38163084  .00001541  00000-0  66210-4 0  9990
2 41607  97.3226 175.0393 0013806  28.4882 331.7107 15.24096939213036
Pratham
1 41783U 16059A   20114.41773397  .00000057  00000-0  20190-4 0  9991
2 41783  98.0220 171.4091 0034736 128.2750 232.1586 14.63049729190830
AlSat 1N
1 41789U 16059G   20114.82432235  .00000082  00000-0  24388-4 0  9996
2 41789  98.0256 174.4957 0029584 114.7006 245.7276 14.64312115191030
ScatSat
1 41790U 16059H   20114.70977449  .00000009  00000-0  13133-4 0  9991
2 41790  98.1675 156.6089 0007033  87.0570 273.1432 14.50907551189281
TY-1
1 41844U 16066D   20114.84104441  .00000891  00000-0  38770-4 0  9991
2 41844  97.4046 123.6215 0015140 170.0853 312.2886 15.24768353191946
Pegasus-1
1 41846U 16066F   20114.38120584  .00000240  00000-0  46251-4 0  9999
2 41846 098.6676 163.8387 0367582 037.3620 325.2529 14.37744735181053
CAS-2T
1 41847U 16066G   20114.72794208  .00000073  00000-0  21144-4 0  9996
2 41847  98.6603 164.6697 0366295  32.1641 330.1330 14.38058256181550
EO-88
1 42017U 17008BX  20114.41777268  .00001635  00000-0  65689-4 0  9993
2 42017  97.3637 182.7760 0007204 144.5465 215.6254 15.26347795177159
nSIGHT1
1 42726U 98067MF  20114.42587323  .02577302  12078-4  67623-3 0  9998
2 42726  51.6169 138.2183 0004261 348.4558  11.6365 16.27738382166863
CAS-4B
1 42759U 17034B   20114.77587848  .00000252  00000-0  28824-4 0  9991
2 42759  43.0202 327.4625 0010861  39.5166  58.6580 15.09796365157708
CAS-4A
1 42761U 17034D   20114.85919095  .00000315  00000-0  32563-4 0  9991
2 42761  43.0201 326.3423 0010883  41.8599  77.3029 15.09875395157712
UCLSat
1 42765U 17036A   20114.44424130  .00001319  00000-0  58280-4 0  9992
2 42765  97.3065 170.1493 0010343 212.2825 147.7780 15.23408256157614
NIUSat
1 42766U 17036B   20114.42844016  .00000934  00000-0  44281-4 0  9998
2 42766 097.3061 167.7554 0014683 207.6229 152.4228 15.21625924157327
LituanicaSAT 2
1 42768U 17036D   20114.43962586  .00002327  00000-0  99135-4 0  9990
2 42768 097.3116 170.0356 0014097 203.1586 156.9018 15.23869691157467
Aalto 1
1 42775U 17036L   20114.67986561  .00000777  00000-0  37219-4 0  9995
2 42775  97.3043 168.3489 0013089 205.5317 154.5274 15.21763622157349
URSA MAIOR
1 42776U 17036M   20114.41262677  .00000840  00000-0  39770-4 0  9998
2 42776  97.3055 168.3506 0012877 206.1388 153.9199 15.21937459157319
Max Valier Sat
1 42778U 17036P   20114.40004488  .00000933  00000-0  43165-4 0  9999
2 42778  97.3106 169.5437 0011392 208.4402 151.6214 15.22523436157351
Pegasus
1 42784U 17036V   20114.39270234  .00001135  00000-0  50986-4 0  9992
2 42784  97.3070 169.8103 0010877 213.8961 146.1582 15.23102279157398
NUDATSat
1 42787U 17036Y   20114.88983414  .00001696  00000-0  72105-4 0  9999
2 42787  97.3124 171.5662 0009473 213.9642 146.1009 15.24356196157381
SUCHAI 1
1 42788U 17036Z   20114.43644786  .00001444  00000-0  63095-4 0  9996
2 42788 097.3077 170.3912 0010471 211.7013 148.3595 15.23630756157506
SKCUBE
1 42789U 17036AA  20114.41129926  .00001256  00000-0  55493-4 0  9993
2 42789 097.3072 170.2357 0010358 212.0263 148.0346 15.23481519157411
VZLUSAT 1
1 42790U 17036AB  20114.41891371  .00001630  00000-0  69417-4 0  9992
2 42790 097.3096 171.1028 0009952 209.3061 150.7620 15.24345027157461
VENTA 1
1 42791U 17036AC  20114.38484622  .00001197  00000-0  53040-4 0  9999
2 42791 097.3070 170.2551 0009988 212.5353 147.5270 15.23470453157404
Robusta 1B
1 42792U 17036AD  20114.17481981  .00001273  00000-0  55929-4 0  9995
2 42792 097.3074 170.2397 0009906 213.0122 147.0498 15.23667147157402
D-SAT
1 42794U 17036AF  20114.55538771  .00000078  00000-0  12145-4 0  9994
2 42794 097.4995 149.9141 0126080 187.5135 172.4199 14.91253003154514
TechnoSat
1 42829U 17042E   20114.65832627  .00000054  00000-0  10807-4 0  9995
2 42829  97.5276 358.9889 0015748 105.7107 254.5851 14.91082574151120
QIKCOM-1
1 42983U 98067NF  20114.77672024  .00004511  00000-0  58398-4 0  9997
2 42983  51.6387 221.0441 0003413 207.3936 152.6878 15.61162823141742
AO-91
1 43017U 17073E   20114.31469549  .00000352  00000-0  33303-4 0  9998
2 43017  97.7251  28.6753 0255947 229.8195 128.0359 14.78888204131011
EcAMSat
1 43019U 98067NG  20114.55899395  .00008862  00000-0  92248-4 0  9991
2 43019  51.6405 209.9163 0003297 196.6904 163.3983 15.65445629224194
PICSAT
1 43132U 18004X   20114.43643940  .00001328  00000-0  57279-4 0  9995
2 43132 097.4503 186.1091 0008095 241.9362 118.1057 15.24284882126677
AO-92
1 43137U 18004AC  20114.46471516  .00001019  00000-0  45000-4 0  9997
2 43137 097.4489 185.9909 0007652 244.1390 115.9058 15.24020769126672
TianYi 2
1 43155U 18008A   20114.86079265  .00001162  00000-0  72086-4 0  9993
2 43155  97.4504 185.3354 0017208 341.9909  83.7934 15.11564035124676
Zhou Enlai
1 43156U 18008B   20114.82173613  .00000884  00000-0  56453-4 0  9992
2 43156  97.4544 185.1518 0014291 341.8629 156.7888 15.11097155124626
TianYi 6
1 43158U 18008D   20114.75853242  .00000721  00000-0  47367-4 0  9993
2 43158  97.4486 184.2159 0013619 340.3423 168.3110 15.10637456124566
S-Net G
1 43186U 18014G   20114.56399055  .00000779  00000-0  73064-4 0  9993
2 43186 097.6977 023.2851 0012458 054.1131 306.1246 14.96787762121480
S-Net H
1 43187U 18014H   20114.56380950  .00000784  00000-0  73459-4 0  9992
2 43187 097.6975 023.2649 0012443 053.9980 306.2393 14.96787658121485
S-Net J
1 43188U 18014J   20114.56367131  .00000779  00000-0  73062-4 0  9993
2 43188 097.6978 023.2924 0012445 054.0821 306.1554 14.96787274121485
S-Net K
1 43189U 18014K   20114.56407044  .00000776  00000-0  72823-4 0  9993
2 43189 097.6975 023.2609 0012449 054.0395 306.1979 14.96786911120031
FMN 1
1 43192U 18015A   20114.89183304  .00002404  00000-0  97824-4 0  9992
2 43192  97.4336 244.6799 0014116 283.2390 193.6115 15.25418070123582
Shaonian Xing
1 43199U 18015H   20114.89188215  .00001612  00000-0  66105-4 0  9993
2 43199  97.4122 243.0954 0015252 294.4111 182.7900 15.25627318123640
1KUNS-PF
1 43466U 98067NP  20114.64041186  .00123257  16833-4  37124-3 0  9996
2 43466  51.6267 181.4152 0006499 356.5445   3.5516 15.91998251111759
UBAKUSAT
1 43467U 98067NQ  20114.69356759  .00025520  00000-0  18791-3 0  9995
2 43467  51.6328 203.0363 0000634 327.2143  32.8816 15.72881739111487
EnduroSat One
1 43551U 98067NZ  20114.50088352  .00042778  00000-0  26111-3 0  9999
2 43551  51.6357 203.2187 0003923 286.3117  73.7452 15.76937523101698
EQUISat
1 43552U 98067PA  20114.53158496  .00026806  00000-0  20663-3 0  9990
2 43552 051.6361 210.3020 0004299 264.4793 095.5714 15.71757793101566
UiTMSat 1
1 43589U 98067PD  20114.70310484  .00031930  00000-0  22495-3 0  9995
2 43589  51.6317 208.2824 0004370 283.7400  76.3112 15.73780152 97340
Maya 1
1 43590U 98067PE  20114.50554806  .00035198  00000-0  24743-3 0  9991
2 43590  51.6330 209.2234 0004332 282.9731  77.0784 15.73780529 97249
Bhutan 1
1 43591U 98067PF  20114.54607546  .00036774  00000-0  25713-3 0  9995
2 43591 051.6330 208.8007 0004536 282.9308 077.1184 15.73882337097255
SiriusSat 1
1 43595U 98067PG  20114.51917369  .00028976  00000-0  22213-3 0  9990
2 43595 051.6329 213.0860 0001852 266.6194 093.4592 15.71849425096377
SiriusSat 2
1 43596U 98067PH  20114.51369233  .00030421  00000-0  23406-3 0  9995
2 43596  51.6341 213.8691 0002013 254.0776 106.0000 15.71734678 96366
Tanusha-3
1 43597U 98067PJ  20114.79823502  .00054088  00000-0  29611-3 0  9999
2 43597  51.6303 202.8227 0003325 314.6913  45.3817 15.79273642 96538
SurfSat
1 43614U 18070B   20114.52872593  .00002811  00000-0  72964-4 0  9997
2 43614 093.0208 131.8931 0015183 178.7142 181.4154 15.38932277090039
CP-7 DAVE
1 43615U 18070C   20114.55520949  .00002683  00000-0  69960-4 0  9995
2 43615 093.0209 131.8975 0015355 178.2498 181.8812 15.38800737090039
ELFIN-B
1 43616U 18070D   20114.77158570  .00003611  00000-0  90331-4 0  9995
2 43616  93.0170 131.9136 0015817 179.4995 180.6279 15.40036251 90102
ELFIN-A
1 43617U 18070E   20114.55117089  .00004158  00000-0  10348-3 0  9998
2 43617 093.0225 132.2888 0015268 176.6582 183.4778 15.40194686090071
STARS-Me Mother
1 43640U 98067PQ  20114.77149631  .00014142  00000-0  14900-3 0  9992
2 43640  51.6356 225.3886 0003644 188.9928 171.1002 15.64551053 88161
CubeBel 1
1 43666U 18083E   20114.86856686  .00001231  00000-0  63521-4 0  9994
2 43666  97.4936 141.8614 0014417 184.0798 300.8760 15.18158180 82332
Changshagaoxin
1 43669U 18083H   20114.67385162  .00000798  00000-0  43482-4 0  9993
2 43669  97.4817 140.0292 0010940 175.3447 184.7890 15.17215828 82220
Ten-Koh
1 43677U 18084G   20114.56669378  .00000061  00000-0  12196-4 0  9996
2 43677 097.8750 231.7850 0015524 344.7592 015.3155 14.90271562080760
PO-101
1 43678U 18084H   20114.66814947 -.00000305  00000-0 -24690-4 0  9997
2 43678  97.8748 233.0993 0010251   6.4000 353.7352 14.91618471 80852
IRVINE 01
1 43693U 18088D   20114.68635978  .00002739  00000-0  11548-3 0  9993
2 43693  85.0315 113.2629 0019846 127.8724 232.4318 15.22637838 80514
QO-100
1 43700U 18090A   20114.50231862  .00000147  00000-0  00000-0 0  9999
2 43700 000.0127 255.5954 0002543 169.9656 353.1142 01.00275020005154
Reaktor Hello World
1 43743U 18096AA  20114.87487243  .00001359  00000-0  53471-4 0  9998
2 43743  97.4233 189.0187 0016996 325.8721 145.3364 15.27289373 78068
MinXSS-2
1 43758U 18099A   20114.47194824  .00000608  00000-0  59822-4 0  9995
2 43758 097.7090 187.3014 0015818 019.0373 341.1436 14.95627111075732
AO-95
1 43770U 18099N   20114.49021582  .00000551  00000-0  55568-4 0  9991
2 43770  97.7089 186.8198 0015170  26.7765 333.4236 14.94956802 75702
RANGE-B
1 43772U 18099Q   20114.45029074  .00000036  00000-0  85568-5 0  9995
2 43772 097.7152 187.2280 0014358 014.2484 345.9139 14.95133917075692
RANGE-A
1 43773U 18099R   20114.34635965  .00000592  00000-0  59420-4 0  9990
2 43773 097.7032 186.3612 0013775 015.2754 344.8880 14.94942959075674
MOVE-II
1 43780U 18099Y   20114.45397733  .00000187  00000-0  22090-4 0  9991
2 43780  97.7087 186.9592 0013934  24.7233 335.4653 14.95346081 75690
SNUSat 2
1 43782U 18099AA  20114.46135046  .00000202  00000-0  23562-4 0  9994
2 43782 097.7081 186.9836 0012905 014.3498 345.8086 14.95224860075709
SnugLite
1 43784U 18099AC  20114.43327675  .00000177  00000-0  21281-4 0  9991
2 43784 097.7051 186.7978 0015581 021.4389 338.7482 14.95322443075712
ITASat 1
1 43786U 18099AE  20114.49967479  .00000177  00000-0  21285-4 0  9995
2 43786 097.7105 187.2093 0015682 020.2544 339.9295 14.95301407075723
EAGLET 1
1 43790U 18099AJ  20114.77325259 -.00000088  00000-0 -27604-5 0  9990
2 43790  97.7093 187.7089 0014123  24.2295 335.9587 14.95682789 75477
ESEO
1 43792U 18099AL  20114.77988598 -.00000346  00000-0 -25942-4 0  9992
2 43792  97.7065 187.5661 0013800  20.9944 339.1840 14.95586722 75532
CSIM
1 43793U 18099AM  20114.23824213  .00000162  00000-0  19559-4 0  9998
2 43793 097.7060 186.9836 0013373 021.3079 338.8696 14.95995530075439
Astrocast 0.1
1 43798U 18099AS  20114.43437417  .00000005  00000-0  56394-5 0  9996
2 43798 097.7089 187.4636 0012535 006.7840 353.3548 14.95851784075723
JO-97
1 43803U 18099AX  20114.78820866  .00000087  00000-0  13013-4 0  9995
2 43803  97.7061 187.3253 0015493  19.3563 340.8243 14.95468232 75761
Suomi 100
1 43804U 18099AY  20114.45410091  .00000012  00000-0  62885-5 0  9995
2 43804 097.7059 186.9874 0015592 020.4485 339.7357 14.95458267075725
Al Farabi 2
1 43805U 18099AZ  20114.76712619  .00000285  00000-0  30850-4 0  9999
2 43805  97.7069 187.3642 0015690  19.9862 340.1971 14.95574191 75774
PWSat 2
1 43814U 18099BJ  20114.18150905  .00026431  00000-0  16289-2 0  9998
2 43814  97.7815 193.8924 0004989  88.7223 271.4774 15.09926044 75379
CHOMPTT
1 43855U 18104G   20114.57121179  .00001236  00000-0  50887-4 0  9994
2 43855 085.0389 211.4970 0015078 253.8185 106.1400 15.22885987075174
ISAT
1 43879U 18111D   20114.72633360 -.00000032  00000-0  22518-5 0  9990
2 43879  97.7055  23.0288 0014575  68.9586 291.3192 14.96205634 70300
UWE-4
1 43880U 18111E   20114.51486079  .00000021  00000-0  69821-5 0  9997
2 43880  97.7070  23.0615 0013933  70.4813 289.7912 14.96439998 70281
Sparrow
1 43881U 18111F   20114.49918894  .00000859  00000-0  80564-4 0  9995
2 43881 097.7075 023.1094 0014209 069.8918 290.3831 14.96498766072271
Lume 1
1 43908U 18111AJ  20114.52123201  .00001211  00000-0  51196-4 0  9991
2 43908  97.2704  16.0613 0020802 342.1829  17.8677 15.24937916 73657
FO-98
1 43933U 19003B   20114.91215475  .00000832  00000-0  39186-4 0  9991
2 43933  97.2366 166.7225 0019656  75.0091  45.8727 15.22039103 70236
FO-99
1 43937U 19003F   20114.90742809  .00001573  00000-0  66707-4 0  9992
2 43937  97.2330 167.8053 0025698  59.8160 114.4718 15.24264972 70321
Delphini 1
1 44030U 98067PW  20114.55623567  .00021102  00000-0  22032-3 0  9996
2 44030 051.6350 232.9618 0003780 246.8746 113.1851 15.64443156069913
MYSat 1
1 44045U 18092F   20114.55923490  .00002865  00000-0  90075-4 0  9998
2 44045 051.6460 308.7718 0012405 124.0428 236.1727 15.36418736066855
AstroCast 0.2
1 44083U 19018F   20114.77171345  .00000750  00000-0  36345-4 0  9998
2 44083  97.4257 176.5601 0013363  11.3165 348.8369 15.21537181 59069
AISTechSat 3
1 44103U 19018AB  20114.84450385  .00000891  00000-0  40736-4 0  9998
2 44103  97.4133 176.7660 0014224  25.7316  84.2432 15.23080098 59127
AISat 1
1 44104U 19018AC  20114.46622850  .00000948  00000-0  32683-4 0  9990
2 44104 097.4675 183.7835 0059544 049.2904 311.3487 15.30976492059392
Raavana-1
1 44329U 98067QE  20114.65212517  .00012546  00000-0  17733-3 0  9991
2 44329  51.6394 248.6982 0005945 157.8570 202.2680 15.56930460 48468
Uguisu
1 44330U 98067QF  20114.53359582  .00011982  00000-0  17015-3 0  9990
2 44330 051.6386 249.4027 0005931 155.8478 204.2793 15.56854947048428
NepaliSat-1
1 44331U 98067QG  20114.38878246  .00012420  00000-0  17548-3 0  9996
2 44331 051.6389 249.9386 0005981 158.2388 201.8859 15.56951741048412
Prox-1
1 44339U 19036A   20114.32314282  .00001087  00000-0  20866-3 0  9996
2 44339 024.0029 098.7706 0010236 268.4214 091.5117 14.52942046044108
Oculus-ASR
1 44348U 19036K   20114.44630936  .00016606  00000-0  25025-3 0  9991
2 44348  28.5180  23.8340 0370960  81.3221 282.9216 15.01675749 45522
Armadillo
1 44352U 19036P   20114.42217704  .00024152  00000-0  36404-3 0  9996
2 44352  28.5307  21.0509 0359774  85.2219 278.9363 15.04037787 45496
NO-104
1 44354U 19036R   20114.08257396  .00016061  00000-0  23792-3 0  9997
2 44354 028.5305 024.0487 0367908 079.9896 284.1998 15.02635176045489
NO-103
1 44355U 19036S   20114.40854775  .00026554  00000-0  37865-3 0  9992
2 44355 028.5305 015.9757 0349611 093.0928 270.9718 15.07263048045598
CP9
1 44360U 19036X   20114.86325783  .00045511 -50461-5  53777-3 0  9996
2 44360  28.5152   2.4710 0335163 115.5425 248.0205 15.13599503 45630
Move-IIb
1 44398U 19038N   20114.63330596  .00001406  00000-0  84684-4 0  9997
2 44398  97.5314  76.5846 0024221 319.7852  40.1585 15.12214372 44291
SONATE
1 44400U 19038Q   20114.78783327  .00000559  00000-0  36283-4 0  9991
2 44400  97.5348  76.7555 0024122 317.3182  42.6174 15.11906913 44313
BeeSat 9
1 44412U 19038AC  20114.41701033  .00000917  00000-0  56631-4 0  9995
2 44412 097.5335 076.4565 0021854 324.8674 035.1114 15.12216210043953
JAISAT-1
1 44419U 19038F   20114.65331245  .00001031  00000-0  62380-4 0  9998
2 44419  97.5338  76.9125 0020641 323.5689  36.4136 15.12700226 44319
LightSail-2
1 44420U 19036AC  20114.26515550  .00005651  00000-0  12323-2 0  9990
2 44420 024.0110 096.4191 0013555 228.6838 131.2437 14.55193007042271
Taurus 1
1 44530U 19059C   20114.77265166  .00000863  00000-0  25768-3 0  9996
2 44530  98.5684 195.3356 0013458 327.1900  32.8465 14.45427741 32443
MO-106
1 44830U 19084G   20114.72559960  .00046788  00000-0  32588-3 0  9994
2 44830  96.9829 343.5298 0032533  88.5446 271.9546 15.73478897 21836
TRSI-Sat
1 44831U 19084H   20114.09078759  .00049703  00000-0  34848-3 0  9998
2 44831 096.9837 342.9073 0032716 089.8725 270.6289 15.73305886021744
MO-105
1 44832U 19084J   20114.56718698  .00049832  00000-0  33671-3 0  9990
2 44832 096.9840 343.4543 0031546 087.9625 272.5253 15.74213533021813
Duchifat 3
1 44854U 19089C   20114.87521532  .00000449  00000-0  42745-4 0  9996
2 44854  36.9661  60.8864 0009153 336.6533  23.3818 14.99030347 20105
OPS-SAT
1 44878U 19092F   20114.49885994 -.00000066  00000-0  00000-0 0  9999
2 44878 097.4666 298.7092 0014345 181.5392 178.5834 15.15382870019213
FloripaSat 1
1 44885U 19093G   20114.70323433  .00000255  00000-0  38890-4 0  9998
2 44885  97.9601 191.2152 0013705 221.3787 138.6399 14.82005035 18590
SwampSat-2
1 45115U 19071E   20114.77238357  .00012075  00000-0  36760-3 0  9994
2 45115  51.6414 267.3493 0013254 217.8939 142.1111 15.34328097 12722
HuskySat-1
1 45119U 19071J   20114.59058203  .00001736  00000-0  64459-4 0  9997
2 45119 051.6424 268.3815 0012108 213.6878 146.3335 15.33389012012704
QARMAN
1 45257U 98067RA  20114.53529134  .00006551  00000-0  12031-3 0  9990
2 45257 051.6415 258.4150 0008487 156.7675 203.3699 15.50544729009986
AztechSat-1
1 45258U 98067RB  20114.53787696  .00005829  00000-0  10837-3 0  9999
2 45258 051.6413 258.4297 0006579 137.6635 222.4863 15.50437317009957